Total in folder: 47
Total in JSON: 533
Overlap: 6
Only in folder: 41
Only in JSON: 527

Overlap IDs:
42445873
42897634
42897675
43649643
44358645
45261562

Only in folder IDs:
41007582
41048071
41126998
41159702
41159873
41254874
42445432
42446025
42899975
43896010
43896216
44358327
44358627
44358720
44796396
44796464
45261269
45662851
47204786
47204920
47331091
47331498
47331800
47332094
47332316
47332323
47332642
47333168
47333219
47333239
47333370
47429750
47429788
47429833
47430056
47431046
47670168
47895910
48018699
48018772
48018818

Only in JSON IDs:
41048190
41048223
41048225
41048229
41048262
41048264
42444499
42444501
42444511
42444512
42444517
42444574
42444588
42444692
42444695
42444696
42444703
42444708
42444712
42444719
42444721
42444735
42444738
42444748
42444750
42444751
42444754
42444755
42444758
42444762
42444767
42444768
42444791
42444793
42444821
42444822
42444826
42444858
42444873
42444875
42444885
42444887
42444896
42444904
42444907
42444916
42444917
42444923
42444924
42444928
42444932
42444933
42445044
42445047
42445057
42445063
42445078
42445079
42445081
42445100
42445103
42445132
42445168
42445169
42445173
42445211
42445428
42445445
42445478
42445479
42445494
42445498
42445502
42445592
42445599
42445611
42445612
42445639
42445670
42445676
42445689
42445695
42445697
42445707
42445718
42445720
42445721
42445723
42445728
42445736
42445769
42445771
42445775
42445781
42445782
42445784
42445788
42445790
42445794
42445796
42445804
42445806
42445865
42445872
42445877
42445881
42445913
42445916
42445922
42445927
42445931
42445999
42446008
42446017
42446031
42446036
42446039
42446048
42446061
42446068
42446080
42446467
42446468
42446478
42446492
42446558
42446561
42446574
42446579
42446605
42447203
42447205
42447226
42447230
42447233
42447275
42447287
42447307
42447308
42447310
42447320
42447336
42897405
42897409
42897410
42897439
42897452
42897455
42897479
42897482
42897598
42897605
42897607
42897631
42897709
42897712
42897713
42897722
42897732
42897735
42897736
42897743
42897744
42897745
42897755
42897756
42897776
42897777
42897780
42897785
42897815
42897818
42897857
42897892
42897924
42897928
42897930
42897931
42897934
42897939
42897945
42897967
42898006
42898007
42898052
42898057
42898059
42898061
42898065
42898067
42898070
42898071
42898075
42898083
42898089
42898094
42898097
42898100
42898109
42898112
42898123
42898125
42898132
42898135
42898141
42898156
42898160
42898162
42898163
42898169
42898182
42898191
42898195
42898221
42898234
42898236
42898248
42898332
42898334
42898337
42898340
42898345
42898391
42898392
42898407
42898408
42898447
42898448
42898449
42898454
42898458
42898470
42898477
42898501
42898502
42898510
42898551
42898558
42898586
42898587
42898596
42898738
42898750
42898751
42898754
42898756
42898762
42898768
42898802
42898803
42898808
42899109
42899119
42899139
42899141
42899154
42899177
42899178
42899184
42899198
42899209
42899216
42899220
42899287
42899292
42899448
42899452
42899455
42899489
42899513
42899526
42899529
42899531
42899550
42899559
42899600
42899624
42899630
42899632
42899650
42899654
42899664
42899666
42899668
42899774
42899775
42899778
42899780
42899817
42899822
42899828
42899968
42899977
42923203
42923204
43649384
43649391
43649397
43649399
43649408
43649409
43649421
43649425
43649451
43649452
43649463
43649484
43649589
43649590
43649597
43649603
43649609
43649612
43649613
43649633
43649639
43649647
43649648
43649660
43649662
43649680
43649688
43649692
43649707
43649714
43649722
43649727
43649729
43649754
43649755
43649756
43649762
43649763
43649767
43649775
43649787
43649798
43649802
43828142
43828144
43828154
43828233
43828250
43828270
43828282
43828307
43828323
43828334
43828340
43828351
43828362
43828366
43828369
43828382
43828390
43828391
43828393
43828404
43828435
43828437
43828441
43828442
43828449
43828456
43828460
43828464
43828476
43895956
43895960
43895969
43896024
43896035
43896055
43896063
43896089
43896169
43896170
43896177
43896186
43896187
43896188
43896223
43896229
43896244
43896247
43896256
44358173
44358220
44358222
44358225
44358227
44358234
44358238
44358250
44358252
44358268
44358274
44358278
44358281
44358295
44358324
44358340
44358341
44358345
44358361
44358386
44358410
44358419
44358422
44358423
44358426
44358471
44358472
44358620
44358660
44358691
44358698
44358700
44358707
44358710
44358728
44796189
44796358
44796366
44796443
44796451
44796475
44796481
44796483
44796484
44796491
44796492
44796498
44796517
44796520
44796562
44796568
44796585
44796722
45260890
45260892
45260895
45260947
45260951
45261087
45261089
45261096
45261100
45261108
45261167
45261172
45261206
45261219
45261230
45261246
45261248
45261263
45261265
45261275
45261289
45261290
45261294
45261297
45261329
45261331
45261332
45261339
45261355
45261357
45261378
45261382
45261384
45261397
45261399
45261452
45261457
45261486
45261495
45261499
45261502
45261509
45261515
45261522
45261532
45261533
45261548
45261556
45261571
45261598
45261600
45261601
45261641
45261658
45261662
45261665
45261666
45261677
45261682
45261709
45261710
45261713
45261722
45662796
45662800
45662806
45662809
45662812
45662826
45662839
45662884
45662886
45662890
45662891
45662912
45662960
45662995
45662996
45662998
45663007
45663009
45663044
45663051
45663312
45663322
45663340
45663343
45663397
